1
1
3
3
3
5
7
9
11
11
12
12
16
17
18
18
18
19
20
22
22
22
22
24
25
26
28
29
30
31
31
31
31
31
33
33
34
37
37
37
38
40
40
41
42
43
43
43
44
46
47
48
50
50
51
51
51
52
53
54
55
56
58
58
58
60
60
63
64
64
68
70
70
72
73
74
75
75
76
81
82
82
82
82
82
83
84
85
85
87
87
88
88
89
89
90
90
91
91
92
93
94
95
96
98
99
100
101
101
101
105
106
108
110
110
110
113
115
116
117
118
121
123
123
124
125
125
126
126
127
127
128
128
128
131
132
132
134
134
134
135
135
137
138
140
140
141
141
142
142
143
145
148
150
152
153
153
154
154
155
155
155
155
155
156
156
157
157
158
158
158
160
160
160
161
166
167
169
171
172
172
172
172
173
173
173
174
174
175
177
178
180
180
181
182
182
182
182
184
184
185
187
187
189
190
190
190
191
191
193
196
196
197
197
198
199
200
203
203
205
206
206
206
206
208
208
210
212
212
214
215
216
217
218
218
218
219
219
221
223
224
225
225
226
227
232
232
232
233
233
233
234
235
235
236
237
238
239
239
245
245
246
249
250
251
254
254
255
256
260
260
261
262
263
263
264
265
267
267
270
270
270
270
271
271
271
273
274
275
279
279
280
281
281
282
284
284
285
286
286
287
288
290
290
290
290
291
292
292
293
293
293
295
296
296
297
298
298
299
299
300
301
304
304
305
305
306
309
309
310
310
311
313
313
313
314
315
315
315
316
318
322
324
325
326
326
327
327
329
331
334
334
335
335
335
336
336
337
338
339
339
339
340
340
341
341
342
343
344
344
347
347
348
350
351
351
352
352
353
354
354
355
355
355
356
356
356
359
359
359
361
361
362
362
364
364
365
365
365
366
368
368
369
369
371
374
376
377
378
378
379
379
380
380
380
383
383
384
386
387
387
387
388
389
391
391
392
394
394
394
397
399
399
400
404
404
405
405
405
413
413
413
415
416
416
418
418
418
419
419
422
422
422
423
423
425
426
427
427
428
429
429
430
432
432
434
434
434
436
436
437
438
438
439
440
444
444
446
448
451
458
459
460
461
461
463
465
466
469
470
472
473
475
476
477
479
480
481
481
483
484
484
484
485
486
486
487
487
488
488
488
490
491
492
492
494
494
495
497
498
499
500
500
500
501
501
504
505
505
507
507
507
507
507
507
512
513
516
517
517
518
519
519
520
522
523
523
525
525
526
526
528
529
529
529
529
529
530
530
533
533
536
536
537
538
538
539
539
540
542
542
544
549
552
552
552
553
553
556
557
558
558
560
560
560
561
561
563
563
564
564
567
567
567
568
568
569
570
570
570
570
571
572
572
574
574
574
575
575
578
579
580
580
581
582
583
584
584
588
588
590
590
591
591
591
594
594
594
596
597
604
605
606
607
608
609
611
611
611
614
614
615
615
619
619
621
622
622
622
623
625
626
627
628
630
631
632
632
634
635
637
638
639
639
640
640
641
641
642
642
642
644
644
648
648
649
650
650
652
653
654
658
658
660
662
663
664
665
666
667
668
668
670
672
673
673
674
677
678
678
678
680
682
682
683
683
683
684
686
686
686
687
691
691
692
693
694
698
699
700
700
701
702
704
705
706
709
709
710
711
711
711
711
712
713
714
714
715
716
717
718
719
720
721
721
723
723
723
724
724
727
727
727
729
730
730
730
733
733
734
735
736
736
741
743
743
744
744
744
745
746
747
748
749
754
755
755
758
760
761
762
762
762
763
763
764
769
770
771
771
774
775
776
777
777
777
777
778
784
784
785
788
788
789
790
790
791
791
792
794
795
795
795
795
796
797
798
798
798
800
802
803
806
806
806
806
807
809
813
813
814
815
815
816
817
819
820
820
821
821
822
822
823
824
826
827
828
829
830
830
830
831
834
837
838
840
840
843
845
845
848
849
850
851
851
851
851
852
852
853
854
854
857
857
858
858
858
859
860
861
861
863
866
869
869
869
872
873
874
874
876
876
878
879
882
883
883
885
887
887
889
889
889
891
891
893
893
893
893
899
899
899
899
900
900
901
903
903
903
905
905
906
908
909
911
912
912
913
916
917
919
920
920
921
922
922
925
926
926
929
931
932
932
933
934
934
934
934
935
939
944
945
946
947
948
949
949
950
950
950
951
951
952
953
955
955
955
956
956
956
957
957
958
958
959
960
961
961
962
963
964
965
968
968
970
970
970
970
971
971
971
972
973
973
976
977
977
978
978
981
982
982
983
983
985
986
988
988
989
990
991
991
991
992
994
994
995
995
995
996
997
997
998
1000
