10
12
13
20
30
32
35
37
61
63
72
83
85
91
95
96
98
98
108
118
122
125
128
129
132
140
144
150
151
164
173
180
184
191
194
198
200
207
211
220
227
228
229
229
229
236
238
246
256
259
271
276
281
283
287
300
302
302
306
307
312
318
321
322
325
337
341
341
341
343
344
349
349
351
354
356
366
369
369
370
373
377
379
380
380
396
400
404
405
408
413
417
419
423
429
433
435
438
441
442
444
445
445
446
452
453
465
466
467
468
469
471
475
482
489
491
492
493
498
500
501
504
506
508
523
529
530
539
540
543
543
551
552
556
568
569
571
585
587
587
588
591
600
601
602
606
607
612
614
619
620
623
625
625
627
638
645
652
653
659
660
661
662
668
669
670
676
677
684
685
689
690
706
709
709
710
714
716
722
724
726
730
731
733
737
740
744
744
747
755
757
757
764
765
765
772
773
774
777
787
789
794
796
797
802
805
811
812
814
819
819
820
829
830
841
842
847
857
857
859
860
866
872
879
882
888
895
900
900
903
905
905
915
918
918
922
925
927
928
929
931
933
934
937
937
940
941
955
960
966
974
982
985
988
997
997
