116
142
343
640
438
264
199
591
940
203
514
632
129
258
805
572
347
684
139
226
496
541
422
973
227
635
159
726
357
953
646
473
447
340
112
884
604
662
826
543
217
340
175
345
597
331
268
295
14
758
520
861
651
293
833
877
280
991
954
636
296
599
108
742
938
571
977
541
585
802
84
801
493
610
497
441
940
764
736
305
874
607
165
524
252
350
752
531
340
705
166
987
303
626
80
592
548
408
485
132
562
920
932
54
529
428
495
820
544
582
124
769
188
640
644
439
989
395
321
681
99
487
19
753
464
99
696
11
506
180
143
67
99
426
473
979
854
967
798
749
548
273
517
87
913
160
878
901
554
198
933
4
36
952
108
499
50
155
862
907
335
4
326
785
429
798
764
634
116
561
382
15
186
898
101
98
409
330
350
314
880
635
317
915
586
776
766
987
931
627
893
617
630
570
753
410
367
516
396
834
429
777
848
614
27
301
63
787
630
764
101
509
398
417
776
983
545
541
321
827
519
566
795
500
135
547
909
854
63
304
687
843
433
535
808
811
835
870
597
816
985
697
325
383
466
452
717
362
344
38
188
862
603
982
361
89
880
621
942
294
925
629
136
709
163
943
871
997
164
467
812
501
516
488
235
333
291
951
694
634
340
881
495
294
214
855
383
445
476
324
739
752
952
874
812
466
169
682
814
684
500
978
536
15
465
770
347
108
73
392
741
412
624
588
58
837
794
440
282
621
115
372
372
419
597
535
884
765
568
698
801
68
675
336
434
491
458
133
950
530
524
691
293
148
630
350
336
423
141
969
44
256
340
767
26
937
654
261
53
221
958
205
288
984
541
722
827
998
206
128
879
729
170
171
228
799
521
564
222
661
884
617
268
224
383
293
512
36
554
564
609
863
769
896
199
661
969
377
10
174
504
888
255
674
58
482
824
930
397
45
943
281
13
210
856
748
855
367
135
760
282
743
974
402
639
172
414
959
900
423
485
756
662
91
781
72
924
604
1
321
1
943
953
13
505
808
760
359
526
895
118
159
637
91
561
627
615
974
938
866
749
422
621
410
864
401
833
787
5
834
459
357
128
411
369
632
570
129
342
447
375
459
606
11
902
166
990
868
491
927
733
239
700
706
1
563
458
833
349
462
18
808
170
498
570
539
129
140
19
471
586
393
281
543
755
534
708
744
401
551
22
486
789
721
191
141
635
648
326
984
462
695
143
631
192
64
521
321
555
539
143
493
931
423
35
686
309
95
781
709
645
803
546
785
523
88
926
158
736
603
493
549
297
987
531
841
50
52
513
957
590
655
449
873
429
483
558
89
577
338
798
221
140
695
6
15
783
283
524
870
237
16
418
885
354
300
725
755
351
237
711
293
243
159
165
24
642
722
112
570
411
261
791
903
956
148
917
90
782
440
959
18
807
376
902
512
675
979
266
378
567
977
670
162
135
834
537
128
907
1000
698
317
261
840
571
568
987
487
9
768
278
967
137
436
694
38
947
720
368
213
97
935
541
118
96
675
951
632
803
209
631
852
526
243
691
448
162
677
935
170
796
564
136
932
352
181
321
298
901
689
862
997
975
402
115
70
429
417
53
583
626
683
434
503
278
124
950
791
152
236
961
947
800
448
230
503
629
550
800
529
590
14
877
564
767
991
985
195
760
37
777
385
72
210
239
701
685
540
491
836
776
451
782
927
251
363
429
879
265
580
759
854
945
635
770
712
978
106
258
737
143
35
473
566
596
711
266
633
250
108
468
377
559
602
303
161
964
83
39
228
15
797
434
959
431
555
670
408
660
928
496
802
314
968
719
261
30
336
893
632
444
713
8
354
314
663
514
629
97
552
857
111
700
642
70
482
196
91
890
855
370
737
9
683
705
727
296
734
415
188
365
858
252
725
211
565
739
724
194
835
627
402
946
326
395
367
807
590
457
48
796
827
785
804
861
841
883
156
574
649
696
291
506
947
367
68
864
105
791
409
291
769
162
236
94
556
602
252
145
411
652
292
589
436
448
449
276
682
957
201
330
652
843
835
950
561
902
165
665
44
573
956
812
734
543
257
641
497
860
137
259
511
429
847
298
876
295
925
557
251
126
886
254
320
72
556
881
325
720
897
368
645
204
531
730
747
787
371
595
646
859
853
509
287
699
806
514
345
731
422
948
208
659
201
879
730
108
759
54
180
8
773
176
211
303
905
309
441
627
903
87
486
107
947
124
805
752
638
502
834
411
449
393
70
1
272
151
109
382
557
288
389
329
463
952
984
719
260
424
346
515
862
183
973
808
658
130
912
295
631
745
58
79
138
127
79
761
629
187
142
185
826
883
866
640
834
849
359
445
624
56
311
486
590
284
645
247
413
556
894
43
301
951
121
790
429
551
550
57
738
43
242
915
925
459
555
110
659
265
555
282
320
217
119
261
500
764
507
264
319
400
306
971
702
778
112
130
329
13
187
418
56
780
684
980
590
238
90
248
854
996
881
525
212
1000
785
712
115
644
327
785
43
633
108
97
762
219
226
442
232
764
211
287
895
895
618
836
484
59
83
338
54
316
214
618
315
999
681
781
642
7
565
36
639
24
132
753
243
710
546
826
825
757
464
72
3
81
907
486
492
990
175
545
657
389
162
971
739
842
103
380
849
19
767
839
43
251
943
285
960
489
462
136
597
925
207
599
357
114
436
848
455
963
745
111
703
258
433
441
452
887
172
300
905
290
490
947
540
785
583
851
273
44
987
869
320
193
819
677
658
254
876
464
216
620
926
270
878
710
710
681
596
233
332
501
523
821
447
414
957
30
265
229
425
251
449
745
795
619
773
805
873
648
268
440
620
194
710
849
255
771
529
851
356
860
351
230
32
149
643
989
178
907
569
955
509
370
699
304
988
471
108
212
470
727
4
441
272
65
289
527
187
817
377
542
28
79
123
60
227
766
400
405
24
968
359
533
689
409
188
677
231
295
240
52
373
243
493
645
307
781
523
494
950
899
387
329
977
510
388
203
627
139
959
650
459
669
182
147
429
721
175
659
15
415
63
740
657
555
736
316
335
258
161
636
508
547
965
484
56
704
38
34
843
349
684
301
369
217
447
150
938
622
160
304
388
222
43
44
776
778
711
463
387
871
98
894
418
62
729
825
118
767
859
960
467
894
260
187
110
58
336
47
31
496
703
418
717
97
814
493
875
524
307
261
395
404
507
164
818
235
340
935
353
550
894
819
443
505
6
905
914
693
303
945
188
5
362
257
102
527
749
328
51
55
940
797
810
446
312
627
681
3
913
33
553
158
204
347
662
561
251
928
253
554
872
441
558
585
49
11
112
149
338
514
555
278
662
364
75
325
343
755
327
255
140
879
765
343
226
778
903
828
705
155
381
576
947
291
161
995
301
624
143
991
489
697
620
150
413
694
826
755
449
152
361
588
383
125
930
960
903
184
787
607
338
168
535
637
810
47
631
110
670
126
452
158
174
71
659
586
765
484
340
565
987
53
504
369
177
433
328
431
968
467
38
305
634
572
293
795
618
276
256
639
401
708
148
574
778
158
160
894
993
851
458
979
903
961
348
432
745
27
862
712
493
899
369
478
822
661
272
791
288
880
781
688
587
280
614
364
437
125
610
429
975
67
760
230
28
459
661
772
485
874
836
330
125
204
159
946
216
783
89
504
662
869
543
248
501
156
963
937
632
572
718
959
639
477
188
18
935
200
141
771
73
328
452
197
883
611
495
99
393
583
954
54
803
848
653
655
356
615
592
987
539
661
945
529
489
484
546
423
35
38
545
108
366
997
656
248
607
150
698
351
84
3
404
239
851
56
893
206
22
836
192
912
496
489
440
984
324
337
758
359
727
303
466
92
651
121
691
609
623
389
959
58
391
362
296
241
769
541
798
142
376
342
54
224
830
845
559
153
534
317
511
260
971
328
351
973
801
41
581
775
781
539
832
172
900
480
764
20
20
562
513
747
255
918
970
84
763
529
588
296
197
451
555
167
130
257
139
930
297
719
56
430
609
888
601
508
719
716
879
738
629
391
836
883
309
806
318
423
686
258
70
882
708
624
400
837
880
890
119
528
608
174
957
216
413
909
75
131
977
305
220
957
47
56
840
707
213
509
129
898
766
198
131
473
173
530
662
404
419
132
284
378
657
592
945
70
853
371
552
829
27
124
785
73
531
976
780
95
485
260
992
250
810
474
75
982
3
736
738
773
867
21
502
875
612
446
944
816
168
848
644
194
323
781
618
205
108
397
299
592
9
290
194
818
763
268
151
117
355
888
241
573
260
742
447
224
539
743
39
706
590
683
251
264
815
868
468
922
617
766
866
625
407
59
442
521
326
592
989
680
832
229
252
91
970
698
314
860
792
353
917
733
387
167
996
201
386
815
474
2
580
339
978
338
397
419
858
74
363
846
105
194
426
708
636
747
406
950
606
549
654
874
282
40
40
277
592
778
92
65
131
23
756
109
361
152
527
570
578
241
416
682
434
193
390
70
940
147
371
897
695
24
771
976
415
162
605
6
939
696
422
70
70
177
178
430
681
56
1000
258
297
767
939
82
959
680
503
250
826
225
147
873
248
917
848
662
78
452
19
17
499
441
438
569
617
967
350
297
22
349
906
670
467
197
752
778
876
606
27
54
831
173
926
430
89
773
444
519
577
462
887
427
902
324
995
871
290
697
519
663
397
425
333
864
621
436
641
848
393
19
901
223
544
826
5
984
951
448
502
879
909
388
305
163
63
652
33
352
348
903
367
744
327
51
959
299
838
951
499
230
970
399
805
513
577
809
848
879
256
350
109
164
737
765
678
152
416
710
855
115
613
221
211
291
271
169
942
108
472
440
690
441
190
494
305
118
654
152
348
909
853
456
424
942
573
102
93
340
163
947
455
127
520
17
770
790
185
711
250
656
502
291
448
43
784
104
513
789
608
212
697
812
20
472
753
592
925
197
931
88
144
737
566
663
753
335
804
290
397
405
297
898
695
97
293
830
200
157
618
159
368
666
323
387
138
75
978
62
272
909
501
767
997
67
781
750
401
936
39
798
341
335
47
387
431
691
217
983
847
186
493
215
852
815
953
341
242
931
754
865
191
255
631
187
673
763
288
73
698
326
222
390
661
621
777
443
311
993
425
510
530
270
76
381
84
28
721
325
310
475
189
500
81
171
39
753
933
326
177
983
652
399
372
664
371
148
458
33
492
235
542
22
504
617
754
939
997
827
264
306
653
804
158
733
327
196
837
259
521
13
593
524
763
965
539
133
464
349
166
308
583
59
329
438
28
434
376
24
260
991
329
912
147
486
996
473
33
832
83
906
197
676
429
959
640
320
444
455
668
961
762
602
371
442
39
398
876
414
421
487
757
102
399
903
939
746
375
324
930
457
229
126
132
9
436
123
680
231
578
347
191
691
948
914
133
338
311
8
752
84
494
508
537
244
410
827
990
136
150
919
592
378
396
724
739
831
198
418
414
775
117
956
466
416
869
950
754
180
957
857
615
802
716
151
398
477
977
739
612
127
9
203
856
404
278
594
586
476
12
999
602
128
307
419
543
175
368
648
354
324
504
968
478
219
470
227
695
447
965
306
925
973
861
780
728
138
726
665
965
737
16
567
216
322
985
110
496
353
758
202
28
261
521
857
832
991
83
526
789
47
184
713
371
44
492
450
533
217
467
498
305
482
64
872
155
400
982
2
752
91
203
132
703
76
988
534
66
71
412
206
469
947
918
192
990
761
993
874
330
459
371
634
292
786
858
798
538
191
800
289
281
354
772
335
429
760
221
846
182
984
51
2
930
320
193
271
81
538
144
410
348
867
395
640
4
604
789
541
794
588
182
426
942
953
113
722
64
333
568
245
316
970
247
245
290
791
515
722
328
10
131
676
876
877
667
232
481
455
772
626
43
305
404
336
258
516
57
673
848
976
918
515
946
164
759
587
954
625
308
282
634
790
309
862
18
975
93
850
429
216
476
823
873
231
158
482
746
567
154
593
542
71
459
839
586
217
425
540
193
84
173
178
873
833
39
243
807
483
92
587
51
919
410
923
149
919
756
246
485
909
190
379
980
648
217
565
216
994
456
408
77
980
586
302
812
976
896
970
811
987
557
213
258
318
487
758
236
242
4
73
150
193
451
481
841
19
398
56
12
205
816
441
185
401
94
348
728
989
318
538
975
874
102
584
191
588
342
778
829
697
202
331
889
4
811
81
23
560
137
386
765
304
178
301
56
271
648
783
259
965
673
586
838
774
169
380
362
862
510
190
558
711
520
447
67
683
879
89
242
367
826
358
670
4
658
725
626
306
508
885
270
532
470
460
305
990
191
666
852
52
208
409
763
79
207
829
761
86
269
355
452
446
712
122
801
370
846
427
27
705
663
296
236
132
107
541
121
650
558
324
701
117
733
815
196
291
643
308
376
263
14
180
61
78
301
861
447
498
639
825
555
301
472
790
432
579
682
905
580
592
228
280
708
312
95
255
603
89
915
330
704
280
509
764
357
161
976
155
11
615
979
565
915
451
354
699
381
388
955
960
979
534
239
38
846
685
645
800
774
559
129
829
838
990
592
547
150
919
701
160
533
680
724
800
130
430
498
510
817
804
821
147
337
59
184
534
96
828
333
221
738
814
49
928
803
992
474
304
910
526
464
443
205
539
594
686
320
443
547
488
246
367
634
582
778
170
116
873
349
800
93
439
613
141
366
415
132
191
71
393
716
534
187
273
424
780
958
96
222
505
583
819
223
569
753
1000
90
220
872
790
19
316
228
984
456
945
750
939
135
820
684
203
705
870
475
129
650
784
224
223
640
158
394
863
726
146
214
167
365
438
957
735
753
184
718
561
481
468
851
967
287
534
169
992
404
995
472
405
779
47
979
418
556
372
280
634
869
494
800
585
283
756
320
35
292
389
595
772
208
798
90
495
331
259
838
86
605
661
490
383
59
821
801
614
192
432
247
413
277
47
997
559
154
668
946
445
57
892
568
264
689
10
110
20
620
299
457
224
959
299
607
17
119
759
983
662
542
229
74
819
627
71
729
781
738
674
577
146
566
497
410
254
506
871
625
125
170
434
348
128
732
306
497
850
64
479
511
958
59
937
776
686
359
504
466
448
530
42
594
95
538
355
700
395
225
677
519
746
110
219
226
193
524
722
42
940
552
904
897
610
192
24
295
550
879
112
998
760
154
591
854
43
297
906
790
873
934
308
619
395
878
844
587
754
917
980
693
468
883
941
429
75
316
724
976
546
835
973
306
340
915
511
735
211
416
524
436
701
183
54
95
61
897
33
814
813
12
858
632
895
150
60
321
817
135
296
362
322
621
667
13
887
178
747
450
945
622
885
646
157
938
92
217
186
125
382
350
488
591
981
382
92
392
54
908
527
702
269
848
674
288
212
560
465
311
9
761
932
245
758
88
534
850
656
719
326
389
68
813
979
400
547
70
792
952
329
670
5
598
869
678
885
80
590
701
390
950
461
674
195
219
113
728
420
121
447
97
509
866
261
840
618
807
261
409
111
590
430
115
539
298
793
775
729
382
475
119
331
287
144
877
857
256
605
628
728
403
76
237
620
337
428
237
495
688
645
605
277
74
720
167
723
864
941
452
597
767
922
279
406
65
156
262
672
112
242
400
514
317
988
133
5
415
722
500
102
366
456
731
792
527
897
866
390
838
317
338
604
590
617
9
6
124
623
678
587
216
429
452
884
416
584
889
830
657
740
283
23
195
13
166
722
910
383
463
747
52
801
702
641
769
63
647
244
37
676
830
604
104
281
487
519
216
727
700
873
466
982
247
661
995
764
382
256
146
844
354
197
996
55
190
764
469
836
359
857
511
188
460
966
468
947
484
684
673
535
908
139
516
154
151
510
917
884
765
62
79
470
611
75
525
800
190
345
635
549
202
497
736
661
462
556
959
297
591
632
831
498
122
698
651
624
560
919
507
676
332
585
146
942
11
670
741
201
366
727
101
567
575
836
228
388
743
538
684
333
169
866
830
642
564
832
265
123
750
771
150
82
708
295
23
718
316
116
918
682
194
18
248
769
206
827
156
948
365
192
633
885
57
462
879
972
646
143
446
395
266
596
828
973
890
203
690
206
318
960
887
511
329
486
631
886
665
787
186
381
978
818
265
386
631
143
710
276
638
155
23
903
102
850
227
992
52
268
549
721
227
787
584
908
272
214
793
288
352
330
668
681
147
933
67
778
427
128
405
64
282
427
318
736
629
544
79
32
812
627
105
390
413
688
297
36
253
442
676
605
771
343
285
918
275
703
47
54
830
451
117
464
230
787
199
858
330
277
889
141
255
993
531
19
32
179
406
285
620
81
241
743
424
877
660
50
932
58
103
761
860
572
576
89
358
774
946
39
402
187
532
656
531
414
674
563
592
80
199
564
160
791
306
583
667
317
985
598
374
87
711
585
10
286
674
719
412
971
758
813
509
289
469
40
702
494
954
645
925
152
560
85
294
865
19
960
533
3
910
258
442
620
843
803
257
516
522
668
838
631
833
347
919
653
386
972
146
691
968
71
842
528
507
487
744
877
446
277
880
707
886
673
678
728
475
287
595
348
954
433
978
138
131
248
790
516
571
288
206
539
710
399
418
216
885
513
92
682
141
323
741
27
347
418
106
822
56
701
169
10
485
499
499
615
746
289
482
317
928
39
207
637
789
976
204
25
488
647
58
629
970
798
655
668
568
112
489
623
812
10
984
648
508
483
614
605
123
95
921
402
485
479
38
273
454
593
297
942
239
355
922
560
152
928
228
71
39
68
694
203
429
29
850
936
511
816
893
985
910
165
386
747
644
775
19
449
367
316
742
958
22
663
869
525
942
96
596
981
516
641
183
944
669
384
232
532
199
124
868
461
640
254
207
283
28
225
732
747
892
825
704
265
488
924
790
429
372
737
761
887
377
943
182
397
679
765
280
877
240
148
337
880
753
895
162
132
120
245
878
363
70
933
628
909
857
769
689
228
505
450
466
233
744
647
981
774
412
261
651
651
760
339
530
512
234
44
995
705
640
225
419
61
157
398
969
365
166
10
944
670
459
761
902
554
760
235
328
523
847
330
525
606
20
55
469
605
450
463
661
441
687
80
502
196
477
470
912
643
831
208
664
641
968
918
195
79
152
874
601
998
203
126
603
574
532
423
179
981
237
839
421
924
918
922
471
747
744
734
741
926
941
404
567
261
321
113
339
824
986
940
821
540
417
775
113
948
197
291
928
786
482
700
61
751
974
531
497
69
616
237
994
557
993
912
169
