789
585
404
652
755
400
933
61
677
369
740
13
227
587
95
540
796
571
435
379
468
602
98
903
318
493
653
757
302
281
287
442
866
690
445
620
441
730
32
118
98
772
482
676
710
928
568
857
498
354
587
966
307
684
220
625
529
872
733
830
504
20
271
369
709
716
341
150
797
724
619
246
847
452
922
556
380
489
765
229
842
351
194
501
35
765
125
915
988
857
744
492
228
366
860
937
433
552
438
229
276
408
475
122
859
396
30
238
236
794
819
429
144
12
929
530
777
405
444
764
614
539
607
841
905
819
129
689
370
918
918
997
325
744
471
184
491
500
773
726
645
591
506
140
955
787
670
83
543
465
198
508
356
805
349
612
623
829
300
344
747
569
341
423
312
811
606
802
662
731
879
306
321
737
445
627
523
466
709
417
283
259
925
638
63
625
601
37
453
900
380
551
469
72
974
132
882
931
934
895
661
164
200
982
900
997
960
774
814
669
191
96
927
467
85
341
91
685
377
543
937
108
446
757
180
419
888
413
349
173
660
10
337
211
343
588
207
302
714
373
322
256
820
600
722
905
940
812
941
668
706
229
128
151
985
659
